seba: 17.944434
seba: 47.534746
